start=6916.433333
volume=90.000000
