start=849.466341
pause=yes
volume=75.000000
sid=1
