start=7803.250000
volume=70.000000
