start=3446.734958
volume=80.000000
fullscreen=no
sid=3
