start=1700.900000
volume=70.000000
