start=1794.918125
sub-delay=0.100000
