start=492.391900
volume=55.000000
