start=0.000000
pause=yes
volume=70.000000
fullscreen=no
sid=1
