start=3438.309875
volume=85.000000
sid=3
