start=7332.000000
volume=50.000000
fullscreen=no
sid=1
