start=1781.591256
volume=45.000000
