start=2378.142433
volume=45.000000
fullscreen=no
