start=739.666667
volume=30.000000
